4:1.5180912802154225,368.3536246552758,34.246297757870515,531.8756233915992	3:162.69299199291146,45.613626707141975,334.4650585441979,529.557271730358	2:658.3167419224003,94.33226617739223,718.5057678432247,431.3311859710453	1:386.1582500539038,166.6285566925212,584.1081073679712,505.0621171356038	
4:1.9088639083556451,369.79800243254203,35.61287217112974,530.213127753715	3:165.90262997807744,47.36680443212853,333.5506929929754,527.3767074978426	2:658.4198504097626,94.31933546920607,718.499085270741,432.3495094144921	1:384.0038301702134,164.51654370583415,585.0014227547922,507.6590670334467	
4:1.876336555706299,372.6921375749897,35.257585226989946,528.9841296920329	3:167.24648839668748,48.03708224791362,332.7441913126043,528.469939147089	2:658.6691144906761,94.85487748348402,718.6203789019621,432.2622257460077	1:383.82149682543087,163.01852263903805,585.5399872694081,508.454385108762	
4:1.4297775905700831,372.78471291345033,34.453831379007994,528.9667663277337	3:166.96505521449512,46.29354810246738,333.0876154128215,531.4055169759419	2:658.6675687009861,94.83192444826233,718.6333429638555,432.7213631731557	1:384.6454062780608,157.24608230277082,585.3982789932842,508.3458380950776	
4:1.841917332708885,371.6828164650874,35.63995204101958,528.380543643582	3:166.50705182888527,45.168967138649805,333.4230767758306,532.0067007722682	2:658.479308256215,94.83936479351763,718.7402486503187,432.80333234684423	1:385.2595726222409,153.18185069951966,585.267985336794,508.51320774187303	
4:1.7424731053604177,371.643286071738,35.61114939268852,528.4280824541181	3:165.3164900482047,44.21450231790888,333.03857337072543,533.2313966354777	2:658.2464926070934,95.13822904003521,718.7188447092431,432.69479072227057	1:386.05118582994595,148.68893752321793,584.1900581540253,506.41890649812564	
4:1.9151302492825408,372.174605545875,36.18193933091054,528.6415412778629	3:164.22668237134593,43.964975504874616,332.4792880251598,534.4479251747613	2:658.4286441873024,95.5222588463071,718.7005017826406,433.0716655678665	1:388.3665752742044,142.0318214154933,583.800960870654,505.7437679669402	
4:1.6584985402955255,372.1673675720301,37.0534234405101,528.9762959618231	3:165.0745607016965,44.47136482757546,333.0526660087001,534.2973820726368	2:658.4202260023862,95.5901558470226,718.666005165647,433.5959853107091	1:389.1487394260454,136.40773801506168,583.1504370104079,506.17179281282915	
4:1.3601939847563536,372.1358744435823,37.065745344648036,528.8071529422889	3:164.64983643481747,44.19943506901433,333.0734085370672,534.8801110443037	2:658.1831725872597,94.70885376204666,718.8059229255817,435.0594954361904	1:390.58900023515287,125.38384879782407,581.9262932912139,503.5948610766194	
4:1.0679405200024377,371.77565223354804,36.679026081748,529.4720189739227	3:164.91015403498085,44.26919264414701,333.55316559208353,534.4242918015199	2:658.1195209345107,95.07255527934069,718.8826944472668,434.82814654266963	1:392.3427078401442,116.8993024472359,581.3624375933796,504.5208606727109	
4:1.2493432629455619,371.6781363589233,37.152252650502035,529.1632946465447	3:166.1988704644419,44.955811196677416,333.66688336201423,533.6527220757459	2:658.1174219171943,95.18200632268065,718.9564348358218,434.864462581465	1:392.35268527185764,108.99422266904008,580.4487866674231,505.02883618194477	
4:0.9486437598083732,372.06003721306627,36.533845877104355,529.7918055136329	3:165.79080526209475,44.85870623455628,333.81970539513486,533.5799871654577	2:658.1598361501019,95.51284385603955,718.984628046664,434.0157623031938	1:393.27512758212947,100.5254668187516,581.3011038160764,505.12684115142736	
4:1.2466412533764988,372.1400152855545,36.76421837933677,528.5467992984887	3:166.35408760206383,44.99615068348652,333.83268267119456,534.5335141991313	2:657.9194962801319,95.72586223326846,718.8666956262998,433.8689883162922	1:389.9980581864072,89.52168158400445,585.3987243402246,501.6073947197534	
4:1.060292699476065,372.1280974403976,36.183011890366146,529.7617014788561	3:166.13401929423782,44.85964095291607,333.51057569683013,534.9079351905007	2:657.4861117494103,96.2773268676523,718.8202502866369,433.2419820594612	1:387.32531200404446,80.78062838775128,589.1279866766967,502.34843864640317	
4:1.0717949115720167,371.3413245605794,35.7842237157206,530.125315337553	3:167.19202438795915,44.11619241815862,333.77652186124897,535.8343467167101	2:657.332031069284,96.72909535842538,718.9806491399271,432.4976387195197	1:387.0252676125907,77.08675846904652,591.7011710361576,502.8536839230265	
4:1.202486616633255,370.80133190549844,35.513464152906536,530.8636825772351	3:168.42962112631972,44.33292401024116,333.6747819525171,535.3342617436138	2:657.1938549295323,97.34337467349678,719.072614484548,432.0228120073292	1:386.10483742806093,73.58116211001388,592.9066897399227,503.46368284675214	
5:385.46161187266927,75.5880556673495,422.9338191979779,179.27601991416552	4:1.2845540156884958,370.72488943155724,35.12800946260715,530.9588224687299	3:164.5056505532442,72.92188019153721,333.9554484853467,529.5685730191676	2:657.3258344558229,97.84193893055357,719.1918949761813,431.7924884361324	1:387.3716468329337,67.91897632198538,593.0790943438308,500.8717247083971	
5:385.772422133154,75.33466948330422,423.38064895234027,180.0850630304157	4:1.4752223217538543,370.7717201005189,35.05212960881023,530.628245518543	3:167.24816482542894,61.86580138895778,333.245135919004,526.6388647891124	2:657.30073666408,97.41943410959772,719.2512941699679,431.86701977820786	1:387.47660984089225,61.84462326037095,595.2446465113508,501.35318465967856	
5:385.8723235140347,74.63088917705304,423.6403092882476,180.82892180135934	4:1.5617739444211587,370.63345266551124,35.01949259791381,530.9639898539904	3:168.32204604251203,55.06226390971713,332.5295729891717,526.9671539132229	2:657.501760681053,97.27340983591873,719.3256743962776,431.84273765571254	1:388.7390238355805,57.52545553502273,596.1783089900736,499.54118940173646	
5:385.07543715948816,78.34353371532504,422.40437184104553,189.61730541485915	4:1.5625132463701057,370.25008994488655,34.955584032559926,531.3226661422946	3:168.99240870089247,51.75147072417312,331.7083573921126,527.4805008786623	2:657.5395064873189,97.7249446300749,719.4099286642411,430.72488475599346	1:390.5640487377401,55.288269628586136,596.1663861161315,500.8560493817382	
5:385.9427087019037,75.14660607510879,423.70736457002124,184.57928841970826	4:1.5328233188556588,370.19983924641406,35.048858460927576,531.0610370949004	3:170.25010482169972,48.902356236672034,332.10033588563823,530.1580064785409	2:657.4829913988328,98.76302797852708,719.4072025466046,429.6690686616444	1:399.08312047146575,51.409959207882366,602.3664640668267,497.26137115323434	
5:384.04376103303576,78.5580341542476,421.77564561923003,191.2612177186188	4:0.6316567674575353,326.34192387758776,34.79597712778973,499.9570188395097	3:170.89642462431527,47.78977966901974,332.15957585590644,531.9022098950036	2:657.6566315156492,99.3805459544036,719.346972650942,429.1263152329834	1:407.5700481772162,52.690944314223685,604.1632153614613,496.1775247990379	
5:383.3375818413005,78.88598193088006,420.7347618890797,193.94991439191006	4:0.218596067959826,307.27991010479445,34.490406505825405,491.09737372947575	3:171.69319643859117,45.91738467817257,332.25922800960257,533.9079510058086	2:657.7203760735412,98.79283254771602,719.3760383281409,429.67312276952373	1:421.9234040977101,52.82794458784983,607.9359249038491,493.2214912682798	
5:382.8096937898669,79.31464250840015,420.207857286662,196.30914221087608	4:0.6477841275356013,341.6299522598068,34.39432560386127,520.5470334339963	3:170.73522455883528,45.27042945199972,331.52693992381023,534.4814471399415	2:657.8947491142551,98.21750003008108,719.2712718123989,430.2580351634251	1:433.5309079496738,55.1280778743494,609.7189417002271,488.8391494329069	
5:382.72381028088114,78.65251559756447,419.93691701947637,196.3400512320571	4:1.146784007397681,355.93628437667655,34.66121013656878,530.3772067067622	3:170.03733697704038,43.97240150278208,331.7755029682696,534.3675520385718	2:658.0066204089609,98.9616350388045,719.1478481204014,429.75700664179203	1:439.2453783422159,60.24271683064143,607.9024276805624,489.537073215783	
5:382.57893024053965,78.60059527776698,419.4580269156762,196.05038757728946	4:0.6938838965826513,318.1612588072148,34.7064273404326,503.4009919147531	3:168.9240961469178,42.32447817281155,331.0106431077474,534.8573274986966	2:658.4605619967948,99.85974435872353,719.085766766888,429.20641496289966	1:447.73461478887606,62.04703723012864,608.3945024528102,485.7749746900682	
5:381.95667051137076,78.83815093247274,418.7691215778345,195.06896769041333	4:1.122058890915497,347.04306257913515,35.138489608956974,524.152697410358	3:167.66265745013965,41.624586820375015,329.9043545180659,535.0564208641309	2:658.94825673641,100.33374442932663,718.9552939295809,428.7079092379645	1:462.3435878470796,59.99394770002678,611.3873844659408,473.0789530252863	
5:382.7855078261829,78.75666713687072,419.5080137584507,194.39105240352592	4:1.3727240270008956,359.288921842958,35.388679055045515,530.7685873973578	3:167.68164380641184,41.31020337540346,329.5677887623874,535.9498094297144	2:659.5141414745717,100.67210647496637,718.8414179728873,428.9108460856176	1:470.8937525000272,60.25032442618712,611.8878916659996,465.6767314316512	
5:382.6936138209968,79.00955056045129,419.7056552255939,194.09726593291643	4:0.77017994225832,320.117243357511,35.526705026463546,502.4060199695247	3:167.2608901088763,39.889070808040316,329.54058195673764,536.9374213082393	2:659.7753833564689,100.43320216366172,718.6132987509627,429.4388967645127	1:481.90408916333297,59.8700748702386,613.9748055114811,463.247367615558	
5:383.26723147095936,79.62740638116989,420.0981980832612,194.49596367987786	4:1.4426390175957238,348.903181615693,36.73121848776983,522.2251533570524	3:166.46021812621882,38.931320821180435,329.4269262580531,537.786208136198	2:664.9256939153864,109.95531781638851,721.0951549755672,434.1305251066392	1:488.2037622016045,59.830505637338035,613.1965407103577,462.97517997271797	
5:383.61396207473337,79.83056617416008,420.29680807515166,194.56139852035102	4:1.6569516302794973,361.3403531082655,37.28554656407232,528.392797680764	3:166.03478574053256,38.29592109467603,329.48828558976015,538.4315248044782	2:667.335010865848,114.45058160905768,721.5554843851581,434.94503867539976	1:491.6587750681085,59.99292461574922,611.5839598104842,462.9124412766805	
4:1.3067601025806184,366.1643300962988,36.794780126304886,530.9300645478664	3:165.2418992759165,38.14131155142758,329.82433148436917,537.8591672088448	2:663.775594653323,105.85843803458539,718.5934176681108,430.94959026874443	1:498.7132639374761,55.31207715306289,613.6403623196525,469.2827669012328	
4:0.45274088472032403,323.77288140526196,35.61169444591083,501.1581290058449	3:165.7131395714427,37.04767923260661,330.86943828758876,538.1247838360497	2:667.2260063146103,112.05214646883437,720.3933764614163,434.1116011168573	1:503.4317495146209,62.579881946976485,612.9421130451678,481.0014109323562	
4:0.9124353575029076,349.835139515802,35.80654679023191,522.8145840003374	3:167.09132382400418,37.187350657288135,331.90802872661743,538.5222477569483	2:664.0156714292539,104.13573978431626,718.0910951398555,431.0749948366381	1:506.27828654505873,67.71356103996959,611.7469632132784,488.68803437395513	
4:1.1070490177684924,360.69139808040325,35.74352291603773,529.3721184573243	3:166.23587270227395,36.889264399887,331.2829349133201,539.0349046888209	2:662.5997978153216,100.80754085490668,717.4842059503417,430.02062207021066	1:509.0735556628264,70.47546493987247,610.9022055557754,488.45498840385676	
4:0.554598847386643,321.2254261687923,34.754621380572395,502.01469865203956	3:166.51911566585193,36.74997486471332,332.06225360146124,539.0776175952334	2:661.9681600472928,99.15323769481276,717.3853879045713,430.4657013464324	1:510.86635896462377,69.35481736662652,609.8717856335428,486.1223012476254	
4:0.6789387827207918,323.8894980071601,34.07048643235728,512.3398049634058	3:166.0564705737268,37.5099700663508,332.1135507762141,539.3930264262199	2:661.5413087923193,98.08152091806392,717.383025239777,431.3310998039319	1:511.6909507267028,67.88919455845118,609.7199031219652,483.59358508729633	
4:0.9502674187883109,304.83413290797967,35.21615365073659,497.5613862952745	3:166.3627526120627,37.357694228841126,331.88741557975806,538.8419829979737	2:665.9702031491983,108.00170456685436,720.0890444658197,436.53510163605375	1:513.7505365507985,68.64605124015421,610.22307563576,485.0652915597643	
4:0.9531427056790527,296.3307315505189,35.48743323315587,493.0417331871184	3:166.16423475373574,37.8042768986588,332.06051333354293,538.2862741097263	2:663.4651845053645,101.59482109680565,718.0904566547622,432.9665926133533	1:514.633685696152,68.60616086462218,609.8542730926927,486.29770396841354	
4:1.2497420648391042,336.7812736319397,35.87124302679411,522.4375566219974	3:167.0929528358888,37.774881420387345,332.79731934202096,538.4803965230606	2:662.3876063074769,98.54963349761894,717.4646319360457,432.29959555761536	1:516.0972097259371,70.58264521390828,609.3262787450192,489.8935385781402	
4:0.7579492559841263,328.65942822315776,34.21682393469756,520.9339949401359	3:166.231063794543,37.04989544671082,332.0823046441262,538.8430451858245	2:666.1081316425434,98.66166856618474,719.8359311760096,429.7370351404029	1:516.8617151841245,71.73956611272715,608.3641324940256,492.4317124337292	
4:0.9039125647994339,324.33358301305043,33.748149155196494,521.767903863276	3:166.48153772267622,36.570783933910405,331.8430839876967,539.1114531351487	2:663.9779105138724,97.81256602576693,717.7846118037875,431.2636596179626	1:515.9873197834763,72.31066790708292,608.3907466366777,492.6704319220182	
4:1.1184623344333815,322.0382599482003,33.55360821094785,522.7936940451215	3:165.87084023921332,36.27361170915799,331.3586532678271,539.393966574748	2:662.9362298876682,97.31948431368082,717.1244039845891,431.7244705295494	1:515.5742004734782,73.48225889353517,608.3342689951573,491.6869130044517	
4:1.0945298806207902,300.2117954837739,33.61451980471434,506.40631413584777	3:166.9124471211905,36.805811499900074,331.26579978435643,539.5935601841658	2:662.6337993729453,96.32672703319827,716.9184790922152,432.9538268875175	1:515.6784702635616,76.71837671785525,608.6522243455015,490.28012717204695	
4:1.192795604246534,292.1700624843876,34.096664184100135,500.30319950185174	3:167.40594469675023,37.37740140102753,330.7145584018199,538.948442798905	2:662.4554883484651,95.70717278097194,716.7709121078655,433.6834186695452	1:515.5469792092119,76.82500182201218,609.3252618872268,490.05531666347633	
4:1.9256069737347552,334.823355447202,36.0886721681847,525.756850872239	3:167.14558187724077,37.752160683725634,330.22095570915815,539.1525369833754	2:666.6117894280327,106.30048943448185,719.443443251611,437.73201128799167	1:515.6854524137453,76.8152021255166,609.9000186292791,491.894951604996	
4:2.101037961692068,353.3813649136079,37.05752128515404,533.1439582960193	3:167.24318132570042,37.68410961032964,329.62010735867807,539.0638515558967	2:668.4712023006822,111.09569294790307,720.1983165818025,438.23373666856196	1:515.8358446670757,76.86300700793001,610.226836831233,491.290360159109	
4:1.3724677495576145,361.15823306240407,35.5805221401331,535.7107386948115	3:167.27615361782597,37.34417410302163,329.05732854569806,538.9654579964605	2:669.362098554457,113.72531543634304,720.3524605545582,437.4699377027181	1:516.0196534107539,77.0823788883778,610.2498545017824,488.7683754224297	
4:1.2590739928451313,364.5004251972324,35.04466951633658,535.9900936846406	3:167.81228486168305,37.64036077670289,329.22956901130357,539.2329449870158	2:669.6672259020812,107.34204053557843,719.9966934530779,428.9549478585998	1:515.4679150533573,76.18532716277036,610.0538439173031,489.5149865381072	
4:1.4250807636609402,366.9862870281194,35.04634208354686,534.9222539871674	3:168.56047777578544,37.35821917310656,329.3175051634995,538.7862612245777	2:670.0546050412082,113.0958790473345,720.0458818942033,432.71977107128816	1:515.0167963415117,73.98371665836186,609.5567862486939,490.96486332425405	
4:1.5486244178027064,368.09947111864926,35.13352585853039,534.0701975929369	3:168.85499097023592,37.97752370860127,329.01417610490404,538.4417948087889	2:670.2493028001923,107.25764941527535,719.7580992891806,427.0909976706951	1:515.010648478691,70.79180181134794,609.3802436182026,489.9154004193738	
5:384.8355140266658,73.06615779709855,423.00217696462744,181.83389301971368	4:1.5698548948896445,368.6921687473472,35.29294190377162,533.6798487124108	3:168.00641135364887,36.91122182587304,328.30603740162655,538.4429515094366	2:670.5056824125968,113.10908459933657,719.7997815063502,432.1756974105316	1:514.4416154191013,70.15149914254991,609.0744924902074,489.8298697349011	
5:385.0157168236424,73.22982197420177,423.2995293767532,181.34787969758477	4:1.7984703022755681,369.4711255432573,35.627368718466506,532.8164070771518	3:167.96397592991485,36.21114815668159,328.58404326150344,537.6629045568201	2:670.6399141018637,115.53793093052337,719.8093532126995,433.8538781450267	1:514.8789568189269,58.74655705096805,608.4883820436763,473.9943980383857	
5:385.07075105277426,73.6798751184199,423.10135929039376,181.38741434140462	4:1.8190174077418675,369.8400307406944,35.73036691136288,531.8522122473687	3:169.3020327168685,36.1098717192728,329.05453441868315,537.9622060982026	2:670.7023604980258,116.47273484558005,719.7084075623064,434.4349739166662	1:514.7195557544138,66.31356411564894,608.2636528486704,482.35986852949696	
5:384.6751481393891,73.90774455999073,422.6400146386442,181.57051451738394	4:1.0646090554028191,327.10190067570215,35.47233257823361,500.70110373699333	3:169.65711429685217,36.071679577392274,329.5228383264734,538.6640819212334	2:670.6924578325466,116.78972394036344,719.7059110934251,434.6356496384465	1:515.0084072388834,69.6278817303764,608.5737484609415,488.8307150081491	
4:0.6580784517508462,307.65890346195283,34.75232349809809,491.50216556592795	3:170.68123167906748,36.43250608935793,330.83624672090485,538.3703329138912	2:670.6325974264046,117.05946152353599,719.658903074439,434.92897012374203	1:515.7795506407068,70.22187586779657,609.2163898017351,493.7243725039493	
4:0.7333728956501382,299.21196971567997,34.895657605866575,489.33748948579614	3:169.835432175064,37.40151791661776,330.8272879853143,538.8808968831222	2:670.5759504301511,117.09199048246364,719.6088346488136,435.3076319539557	1:516.2617804274639,69.75229619644708,609.3764974903245,493.19103599332834	
4:0.5688536746284178,294.8375862320423,34.84071017186251,490.16835713134685	3:170.05301798963262,37.77477597931133,331.0999736937302,538.7878801227663	2:670.5619760879146,117.21904420504066,719.5784986140617,435.37033126471067	1:516.4775038481745,70.677910778009,609.6374510900415,492.21924464825184	
4:0.4704570855025345,291.95581427987895,34.714241847840356,491.24426294047737	3:170.54401774092003,38.095580241105836,331.57364117341626,538.4145582177763	2:670.5014623670861,117.56633253991475,719.4300022558784,435.07884449120326	1:516.5110181576008,71.40888507546384,609.5374782193446,489.36280038746	
4:0.4272313309037621,290.19521090406977,34.385458754641164,493.15059645924885	3:169.95874787879728,38.501475624381214,331.16666362856563,538.270359020469	2:670.4539353013947,117.5652145673474,719.471705566735,434.856236061604	1:516.3987954347581,73.68358402044899,609.3254083506788,487.6624995077607	
4:1.0938261948148806,333.16562577158913,35.47543417680227,523.8048805480105	3:169.02026340019614,40.03829169642805,331.0522658785963,538.3472925654596	2:664.9231114468136,114.01511573983424,716.7932124228665,438.1446629191909	1:516.0841837006701,74.40032582615254,608.7705449399289,487.29979010633554	
4:0.5629417833412234,325.7573603252842,33.50615390487509,524.0506441601082	3:169.67750965519286,40.57255524693983,332.1585499141004,538.0590448397743	2:667.6098577994297,115.8360091715058,719.0190395199048,436.79628251868644	1:515.9208046062586,73.40382456344759,608.3660362812498,489.42396210959583	
4:0.8568276952910612,320.567854789191,32.84159353200477,525.2825002346549	3:171.1024028944224,41.043249133419835,333.06107542082964,538.0141046672152	2:668.8595332111356,116.99648973859772,719.6866022470044,436.1669957744907	1:516.0473563425451,73.82829362231186,608.1879117773597,491.02537288518135	
4:1.2689123264306357,317.9381665815961,32.62124610230005,526.9599113500661	3:170.57604879846468,41.14495457334516,332.42281142516873,538.5865878537893	2:669.4363667227967,117.48893416338558,719.9065071869379,435.986927928921	1:515.9532877912634,74.33379860287857,608.1816287686147,493.54941673992573	
4:1.3272451584130156,316.2447809930507,32.11545307696219,528.243465728471	3:170.3404706996628,41.10147243620432,332.0723317663793,538.6712576892742	2:669.6592780599772,117.58980947374332,719.8747805395476,435.9414934337851	1:515.8312549546797,73.84904820812469,608.0721106033272,495.3014338217482	
4:1.4411428379291102,314.4313493600231,31.831858669219255,528.9524760788032	3:171.15436893479176,41.28033918767096,332.6687135007944,538.2450969742204	2:669.7876301284076,117.68505039791933,719.744723767452,435.8749601659671	1:515.5784924734733,72.0214237847706,608.3023954174835,494.77031189592003	
4:1.196346454823031,294.65447024717236,31.46335218470381,512.7039736592621	3:172.0649615368372,41.1633101587652,332.12693573909394,538.0982039450959	2:669.9114072537852,117.62782903205363,719.6107411489081,435.09735463971896	1:515.472679776302,71.58889526871732,608.1712410658655,491.9282078835878	
4:1.5215304844075668,287.52535221799303,31.992823141262345,506.34097662738134	3:172.86162384126294,41.546880734488354,332.1508740379287,537.3918628956308	2:669.9157174135482,118.31656573934262,719.5083371130706,434.0752268805288	1:515.7369484174351,73.39429069053995,608.6776378290826,491.492379879639	
4:2.4750696280564775,332.3720846941212,34.62789155516592,529.0163032226741	3:172.5850406580439,41.493438340394874,332.2604096666972,536.5626445049338	2:669.9308028811384,118.81646219561983,719.5819372311952,433.76913673333877	1:515.8121150543792,75.05719968766402,609.2039684829195,491.1911242447943	
4:2.9059083028007393,353.84734631655726,36.51566753228429,534.1896307914739	3:172.3897983491957,41.17379655316719,332.21191070208556,536.3537115471556	2:669.9141687791661,118.89480292856726,719.6520649587977,433.30139629595726	1:515.8734115337373,75.55248833134365,609.8200325062634,490.13287381938426	
4:2.2330882816364195,361.77269048513944,35.91232670027769,535.9970398852747	3:171.46724342501517,40.54645381090256,331.46187959980637,536.8333001958816	2:670.0138292598267,118.67037758459725,719.5268665200952,433.33321692333783	1:515.4548043281361,74.00660715567255,610.1026117592701,490.70269081128436	
4:1.9379360519346278,365.90539776264677,35.7231217182956,535.2224540880048	3:171.10256542283273,40.23796634061435,330.48925575099884,535.9585583508131	2:665.8866135986372,107.82559776775847,716.8164254463035,430.0366902882196	1:515.1746514917778,72.93149979514814,610.3195987768273,491.773548206688	
4:1.6699829198816936,367.91062810777225,35.521863525317954,535.2307435465943	3:170.48535307947714,39.72226075276359,330.35275538819394,536.0880177259182	2:663.9209965112016,102.19425904729513,715.962750739903,430.19743611878704	1:514.5261185689546,69.30856011535298,609.3852869865441,492.1381068799708	
4:1.8121326165919136,369.8588536727685,35.755057301648705,534.0357725853619	3:171.358124688742,39.257995668846036,331.4994226189016,535.7883027316495	2:662.2561009841501,106.82301806988286,715.7727502203264,437.3305432387159	1:514.7667172287056,66.45999092017749,608.9656498550335,495.2459593855242	
4:1.310994994188036,346.27831727260633,34.69298176881295,520.4813212465683	3:171.50511128110531,39.79287170684361,332.16742163774296,535.6035744037745	2:666.3814973343883,111.4212315516196,718.925019760401,437.3931338634511	1:514.7759928798129,66.32239486763206,608.7292285787022,494.3594548788793	
4:1.2596074817581702,335.274871345963,34.21676912874534,516.9204959576286	3:171.1181392113321,40.743305671647335,332.52932002268506,535.0817259625373	2:663.1742294773951,111.17044977123467,716.9703460939033,439.37229055453804	1:514.3630115382903,67.08007044419921,608.2716084650247,494.59207359768413	
4:1.1597626604646578,328.38788853652443,33.217844266844224,518.2460741908044	3:165.6834151395621,76.72173032166864,337.12824678308004,528.5918174538183	2:661.7995597425474,110.6346314303685,716.4748237117881,440.52871680933504	1:514.4675867317284,66.57198406615962,608.5217544759142,489.9775787126647	
4:1.773083689996259,351.49238015930064,34.56668658891368,529.6755346847564	3:166.76677146465977,63.48142326149289,335.0953704476031,525.2245778294737	2:661.0597475177955,110.14015044964029,716.4893437559282,441.239499041704	1:513.6253866749973,68.32164865542029,607.7363423223976,489.4786445714467	
4:2.019380521541173,361.87896582673477,35.24154182398693,532.4031951234576	3:163.50579281925744,88.50117384862577,338.7780763671893,521.1214160138136	2:661.2509477177939,103.67602240165797,716.7638478931476,434.29201515239663	1:512.2652017238323,66.9068514490159,606.9634089205293,489.2838670625239	
4:2.2988762080073712,366.8248724460919,35.942811473289495,532.0506471955598	3:166.81721126925004,72.60814984389725,337.07623953334655,518.0060573331634	2:660.707592271889,107.45997116608552,716.8110483976974,439.0415014323929	1:509.77636020993435,68.20244331807152,606.4830050101287,489.44921676003315	
4:1.6412175073118043,345.86403016037514,34.58734010986204,518.5912607518486	3:167.82520275439643,63.72493452113386,334.83040269423145,519.5945077581682	2:660.1632629020258,108.79151582404103,716.9052237122897,441.21295091756036	1:507.06085217076725,70.26236411347631,607.1347357432162,489.00969566617573	
4:1.071747524620191,333.7861503380633,32.83362703216298,517.6694633272772	3:169.98754045310633,58.590878576841135,333.749301870321,521.2947375130268	2:659.8694736073911,109.5868940677444,717.1942385431377,441.5985890180632	1:496.0546695324068,74.9231769891939,602.972070555218,484.0766552851267	
4:1.2011428957557957,327.1366660592323,32.40819148890558,519.6538212866138	3:172.12266270470366,55.5496048418735,333.8022843111261,523.059393144745	2:659.7814910679788,110.11082461283482,717.4091111512002,441.3539494388567	1:481.07274511754645,66.28565224484345,598.3066120650292,489.13645424817906	
5:384.49152341608476,80.34520847691283,421.41508207819504,194.84180480268122	4:1.3719385964850535,322.41114075129394,32.04785533302732,522.4317473326299	3:173.8941731259978,53.95327883419566,332.99601283186803,525.1187174338758	2:659.6792980678078,110.99506409012295,717.6400582360011,440.70102313366056	1:468.10141900829,58.67247725077439,594.9668992371611,488.5883325448159	
4:1.2535884063640719,301.5588787621091,31.971398418017344,504.9742428169319	3:175.4480069254194,53.88656360987406,332.57156773069323,525.9943068198329	2:659.7756415973906,110.86722046935716,717.7573105587096,440.7911830537707	1:459.3015927060666,53.71321073611125,593.3794738494643,490.8906473943206	
4:1.7889157241690707,337.2841408962486,33.06297710898172,528.8184382948068	3:169.8939354933398,86.38009994507476,337.13373000514093,521.2199448072283	2:659.6591247509651,111.28015298477533,717.7980164583668,440.5535274032221	1:451.91547562088783,49.76696286874375,592.6811504585227,491.5213612856157	
4:1.8525801850368033,328.7358735246677,32.7995141718509,523.7462770742271	3:171.33093029297146,73.85765337362676,335.60519983926014,516.8817362025807	2:659.5057992553441,111.68975378568345,717.9107386433332,439.9276351350943	1:445.4340682896905,47.86121172448239,592.279572733198,489.5628780009695	
4:2.0857636026504043,350.3920098846196,33.40469631718443,533.7127824299068	3:172.0214248215181,66.98957997836726,334.1663309868913,517.562819605407	2:659.3116848100929,111.80396051546595,718.1063096320329,439.4595574804322	1:440.432028896634,48.85032036322721,591.81026400439,489.83643630132656	
4:2.35300981848264,360.8633862762581,34.33249080253955,535.4062146536188	3:167.20368303806052,87.31263017764587,335.63403077480575,517.7022153770822	2:658.9495904850656,111.60412365298154,718.1498131080383,439.284641781108	1:433.2031015558471,48.76289707026629,589.7816235668126,493.4440141747905	
4:2.401357860105911,365.9130360733955,34.83485730648736,534.787909521652	3:164.31550570194486,97.62773277793721,336.8972581458932,515.1233158655635	2:658.6919739328772,111.67914484521992,718.2918158002307,439.0730554024403	1:429.45539312303777,48.424753604345256,589.9390462964781,496.2930736399675	
4:2.1809767015105237,367.4404846710771,34.64847086037794,534.6293996902954	3:162.2222301594246,102.6496779071608,336.40439257905325,512.8520995574564	2:658.7621685424141,111.33507102377519,718.2373880200827,439.4529526876719	1:427.2516648302734,48.908688377066454,590.5958865216417,499.2591180484095	
4:1.645672179876561,343.764348454767,33.49568853387253,521.9462449620177	3:162.11858672584287,106.03733370482334,337.5890087088232,510.55790148635367	2:658.536188563767,111.59527995889243,718.2976434396804,438.83968381564057	1:419.9420012366809,50.574080771643196,590.4613068732151,500.6499610582103	
4:1.3373474259441256,332.60639692184293,32.52839114200793,518.8534548357894	3:162.12850328339422,109.42992620895325,338.879069169629,508.1314036129014	2:658.4292207410136,111.7708130933614,718.2938771284313,438.35988896114156	1:414.18048466857874,52.50990946412051,592.0704991640879,500.02917273194635	
4:1.9012302787292104,328.2747514659627,32.63017675158155,518.6237952946707	3:162.17902817809656,110.80457117551106,339.5548196480522,506.6374010232145	2:658.3012454988367,111.86171621922361,718.512194831843,438.39763745740674	1:410.6486118349424,52.561699819265044,594.1037009230314,499.67183157755255	
4:1.8222901080674472,324.4111183161722,32.14140277313956,520.0892704712616	3:162.2079190047313,112.77739291886837,340.2258214972883,505.46774990097947	2:658.2142044317758,111.73954466851802,718.5642990805226,438.48531055640746	1:408.5641295402985,53.28847618057412,596.1561168819813,499.9035666865748	
4:2.631143314087341,349.2371730498399,34.18661939283184,529.6720207357437	3:162.0949076167475,112.63182389654744,339.9762978098299,504.7684113689834	2:657.9198415477714,111.57529972965989,718.6860289968589,439.08155356578226	1:406.1790639942159,54.03690661374989,598.0335094059967,501.32437722774966	
4:2.2081538034981243,335.98329926279496,33.39751759666157,521.6452620315496	3:162.14839190807504,110.69195453655061,340.25173454665196,504.75531475774187	2:657.3619216388457,111.52116114446906,718.8700506165618,439.16489580286475	1:397.4434408901159,54.179495031237394,594.6861929162687,505.13045863878983	
4:2.429615518762823,354.8125966881554,34.41886696850214,529.7182451789707	3:161.68013007138563,110.54885526828437,340.10557751250536,505.6814648515658	2:657.2757788380184,111.29107445398341,719.112888329204,439.19075098338186	1:392.8287437434806,51.95130774341129,593.7885102742922,507.2578485323373	
4:2.316689526582479,363.3694955930615,34.79560346203127,531.8631782804733	3:161.18633478824842,109.23058792316709,340.0967227022562,506.12977447323016	2:657.1095594635385,110.66682935272502,719.1166073872919,439.48014670847886	1:388.96208247056256,50.36680405877459,593.191204306652,506.3564852495657	
5:384.50280122814115,79.90879410715706,421.40845602190745,193.78594972059187	4:1.9093973680191656,342.65541239991774,33.90623659236643,521.5043432405213	3:161.35178279550365,109.1719571700472,340.43025819619464,506.051248846637	2:657.3454075363977,103.38610575077021,719.250602138017,433.207059400399	1:384.9474784316015,48.836976872311,592.7135989002744,507.884627999778	
5:385.1524864119125,79.70048702790271,421.59112521591874,193.87219264546948	4:1.6687294808770545,330.81518925913036,33.34012665494372,520.1959623771056	3:161.19798580217483,109.23141975312205,339.80949013990835,506.24464888051773	2:656.5297046945856,107.35887199191384,719.1100934493242,437.162059768212	1:383.4751332328177,50.36931092522099,592.2259240812987,509.9358575306475	
4:1.6678361666692076,307.8656739370791,34.15222551668751,501.6872693378864	3:161.0680660837366,109.12908380468826,339.0074551385192,506.0894618429531	2:656.0216996030161,108.36109459265685,719.1261251954971,438.93981276782415	1:382.5638261036092,50.814481276055176,591.490672546164,510.3022166172062	
4:1.687323802386917,298.3174893856654,34.37520829354412,495.4564950942435	3:165.67664923132216,87.74276476626324,339.58103205352677,506.2117481269472	2:656.4000733705099,102.34143529726191,719.2492968484474,433.59979549104844	1:377.7263372787071,47.78556376208013,588.2730724294215,508.7568619698928	
4:1.8442651262340846,338.3573251417723,35.32897605594734,522.5222143950381	3:168.14620040042274,74.86904411918215,338.4186014657974,510.37799351943795	2:656.0945410575507,100.41151177380908,719.2201796404554,431.2746367561122	1:375.1600076979745,44.439127313871495,585.3877007614286,506.49060279923515	
4:2.0313639390168134,355.0235324964866,36.15076019011336,531.5193583155989	3:168.9533374163583,66.38483950925328,336.2659237012489,515.2820751605292	2:656.2901967328738,99.95015279920031,719.1780609995363,430.08031075416625	1:375.1456589329345,43.7266859521759,584.1363588570359,506.43257119343014	
5:385.85896601425844,78.76558890846019,420.80585451905864,194.52920189625536	4:2.201032083544277,362.75004413724565,36.9070694603752,533.6497209348281	3:169.76020407518075,60.34275583114919,334.8606335096337,519.8681155259872	2:656.4028094776413,100.26469192507957,719.1008264593077,429.4821434824736	1:375.46989324151883,44.0554144557847,583.2384679687468,508.3888990300044	
5:386.40597379423207,78.35053780582466,420.92153856367656,194.12951776275656	4:2.1896204377576183,366.9739031333295,37.55307976667267,533.2793447996212	3:171.19884712118193,56.063291265665896,334.3785380198464,523.6634701857015	2:656.1907393220293,100.09826620634081,718.9641390273108,429.1179830828024	1:374.6942786211247,41.241721775351095,581.593843580048,510.54672826586904	
5:387.0758115074274,75.0460230642257,422.03199172985296,187.2149694208201	4:2.1320419104372945,369.5201392802563,38.035177579039924,531.6564334267466	3:172.37936973364504,52.654264673628376,333.8263472803019,526.5184272149696	2:656.0883625348029,99.89014675810458,718.9051172586198,428.97879116759407	1:375.11023577178617,39.62101979755454,580.1619390390465,511.34178912236604	
5:386.8318525840991,73.85295059835576,422.02413254745886,184.65883842932104	4:2.0567589754947484,370.87282832306875,38.00310476573806,530.601082346849	3:172.65316138225054,49.72807379776336,333.39885980426504,528.1828126441444	2:656.0045864780171,99.50389403274556,718.8389941714651,429.0228558665503	1:375.79510679537213,38.52516345046047,578.6283199729992,512.7617951030262	
5:387.78223099357973,73.37068045286814,422.7753623302004,182.92296239828755	4:1.7899703035093069,371.76043989039823,37.67773505166584,529.3058624169253	3:172.78502179689144,46.799745441608735,333.48282883327835,530.5945845184135	2:656.1956877864651,99.77856777748156,718.9202279376469,428.9953006896904	1:377.21772173511386,37.67586928064887,577.0016018242973,513.7416715021633	
5:388.52578475804745,72.7149962284893,423.4571764518034,181.14971932544867	4:1.3593214642465625,371.53810573254043,36.78885764229105,529.269117131969	3:172.67023758708342,46.12014899744818,332.91575797943085,531.6665733727035	2:656.2789496115043,99.86324502787491,719.0214031764882,428.70891967648856	1:377.81755212899986,37.45149653918844,575.8219299024437,514.051609007322	
5:388.5241535695561,72.77448929640886,423.34533848841386,180.6069233615669	4:1.5568135047782974,371.4524616405222,36.735033161746706,528.2957271672585	3:172.45704436473437,44.51437395218579,332.5500275141418,532.3793128752915	2:656.7057682263217,100.1170475305924,719.0662113229264,428.70397572826465	1:379.5910788354985,36.59235723536307,575.3964152209319,516.1306152519483	
5:388.1585568995541,73.37973373606391,422.91418400882935,179.98347757923796	4:1.6668480634102067,371.7671752575554,36.75355699506459,528.3356309773308	3:173.04713136332555,43.697330249828894,333.04310512757104,533.1413073719689	2:656.755507850811,99.97995254083511,719.0389197134919,428.88222046140413	1:380.6678605493202,37.88292503168313,574.0845985864128,518.1349608313071	
5:388.3270841735794,73.48338276960585,422.93407379163926,179.8797578979819	4:0.6326389740524085,327.9291224847168,35.004134860539054,499.4840009224331	3:172.81425199337863,42.20138509169061,332.7949321877169,534.4298871055059	2:657.0409055083378,99.88707654325012,719.0609612958742,429.04432210453604	1:381.2332670982254,37.99910175032741,573.8654179879983,518.4848816204366	
5:388.61159503361574,72.97380331785536,423.53438446766296,177.19587014877942	4:0.827174761441281,308.8229122523949,34.75133198156392,491.1858481771303	3:173.71105598848118,41.421277582094376,332.1486662177964,535.1316906132507	2:657.2146364614822,99.21225919142051,718.9077788239391,429.67146517923385	1:381.53357948383086,37.82211602769698,572.2206046681307,517.5089366290223	
5:388.3201885040104,72.89635235864071,423.4730741994458,176.91727756654998	4:0.9957684039597829,299.7216301622015,34.766572138491895,490.31320270459224	3:174.22657575248763,41.0093860935026,331.62923838229875,535.4073918400984	2:657.0677784128679,98.25942703081986,718.9810052288008,429.5719719799381	1:382.4761733637451,38.77987642482421,572.4686218184003,517.8629858473972	
5:387.87036802534533,73.6119429020964,422.86181711477207,177.48418164976857	4:1.3134025106302403,339.01300465619374,35.593416653359874,519.9585749678722	3:175.96904152345118,40.1527675110253,332.2856826430499,535.8341481885635	2:657.0001195158185,97.5331178293905,718.9948297299972,430.07038745332596	1:383.4961916688215,40.283156296528375,572.7020800200827,519.2314649941011	
5:387.17807044740556,74.30755354067682,421.85149199658855,178.10507620211217	4:1.1523238361989456,331.9541026905837,34.571130594160785,518.1735376477128	3:176.9032316029933,40.436322301130076,332.50588022622185,535.0496737682579	2:657.008533321963,97.29327511671559,719.1115077656513,430.19011642205874	1:385.065387581541,42.716077446418154,575.0528918870427,520.8449836156212	
4:1.296067673539195,308.60596537295106,35.42732279432748,500.39020443380144	3:176.5302888186564,40.88559695769061,332.4279572490284,534.8973658134656	2:656.988945024694,97.08119212900664,719.0361984061401,430.6247521894034	1:384.92313933911026,43.68040854663002,574.544719882755,519.7559998426595	
4:1.5473683372244054,342.16865005227095,35.87576024670638,523.9815872727406	3:173.57372304400434,41.6441923197938,331.24784186774303,534.1941899960036	2:657.0129159973965,97.38541602979419,719.0342754451201,430.4667075366109	1:386.73436319561097,49.56923578926458,575.6162794060157,520.9865302019851	
4:1.33589767330416,313.10612745615754,35.95981087219742,501.59292646741187	3:171.60935416120913,42.19167924231729,330.1964255120979,533.9859356461286	2:657.0183564810084,97.32636721315862,719.0312438120704,430.4893068508088	1:387.682570605307,58.06858965590817,577.8454393256421,521.7765612459959	
4:1.0890190485241682,301.3266995576039,35.845872799169186,494.6948341714034	3:169.3429869591862,42.52495498674088,329.13123860239256,533.0217988044822	2:657.1499334781467,97.16203200376259,718.9643969450931,431.0550872655372	1:389.1440647772044,74.77720584175592,577.4324648972458,522.76521800418	
4:1.1853018184652733,340.6110976450841,36.84807409601271,520.209804238064	3:168.1381398435167,43.17333093279504,328.30914723933677,532.7028607047489	2:657.1727751857123,96.6174984608073,718.8965787970798,431.44808111926193	1:390.2007756142663,84.73916685094193,577.1413765751767,520.2975158021316	
4:0.9728266835467068,355.7389844146619,36.25279557087986,529.9793744969387	3:167.55442244852856,44.03291632812818,328.386740742335,532.5527847213643	2:656.7277434205677,96.39424315770978,718.8410936612671,432.30764363167555	1:391.7313724359602,93.89998738892783,577.0835418449071,518.6596005912693	
4:1.1206314288972052,362.0396296347906,35.75580293207526,533.1502042217282	3:166.5182024263545,44.75613614851852,327.30950975836146,532.2709851097527	2:656.337476669508,96.77269755424177,718.9260960940959,432.11477084266994	1:391.01410673342417,99.77384833005834,576.1160504163906,517.1134996567125	
4:1.3088075898901685,365.03265844693567,35.51507685627858,533.3659709034189	3:166.355595769287,44.20380584105038,327.3814503097197,531.9736702156058	2:656.3891487577065,97.42632651797794,719.1140889182294,430.7211198497506	1:391.5627003029317,106.88403340894467,574.1652184456202,516.9564280819806	
4:1.1592862692827026,366.1491090255994,34.6443856249948,534.0015560783721	3:165.22821537489173,43.007602890271556,326.72167528108514,532.8351642499011	2:656.5471911080398,98.05271003980351,719.2881488893332,429.3517822314535	1:389.9809353644902,116.70291846105076,573.4145449039684,519.3975881222998	
5:381.96803113740486,75.54893997965988,418.72456560696185,177.49299652340378	4:0.7716436966411315,324.59969245541595,33.7171848957678,504.0683301241165	3:164.07435583993453,42.40351007448916,326.23566697044106,533.7897054420887	2:656.6528286007601,98.8749161838488,719.3804500376455,427.71513980481575	1:389.41149982162864,124.91849033219682,573.7887600421701,519.3721182144081	
5:382.10294918076613,75.2762156409247,419.4507644705436,177.23901551906107	4:1.1660350498752514,349.2667462363897,33.91105277059887,524.4781792532496	3:163.909030748773,41.78798922855469,326.79859928421297,534.5865168353868	2:656.8042556861852,99.4387949406034,719.2702534414985,426.7588971944663	1:389.0413933110864,133.29279723333204,573.5466723693884,519.3797863952104	
5:381.8746100617603,74.7304593701264,419.6120745005954,177.26930546695684	4:1.213822151317455,359.70216018672977,33.88982538220789,531.3274079752065	3:164.26174387707778,40.94740475063426,327.38871444935626,535.0740428682531	2:656.9905931057441,99.38862897038786,719.1887489143706,426.2240195570824	1:389.6184342418951,139.01219046494526,573.920844017133,518.3698507645679	
5:382.1436825843666,74.21645551624904,420.2733132452555,177.2460526189729	4:1.0991376074899648,321.7832817834859,34.063038373502664,503.8642061708657	3:163.48157778058203,40.94311240400464,327.3773940758589,534.7465365443517	2:657.1216502968167,99.287556797946,719.1431417243874,426.3625883311697	1:389.73093653590695,144.621004022063,574.6544248887998,518.1046868087515	
5:381.7923741134557,74.74818063232976,419.74924874991984,177.69709227302283	4:0.8155472054096684,323.4092477956485,32.64657711377937,514.0102856834802	3:163.6378564598358,42.38092412471792,327.12341161182826,534.3047475937894	2:657.2670824129693,99.21797305233363,719.0752514601816,425.384048177345	1:387.5284018687835,152.17919035385543,573.797733334086,519.3959058638708	
5:381.88853362286534,75.20337895484316,420.10275047060736,178.15574369671265	4:1.4170751750544497,347.01148050855835,33.483298339889174,530.1141972088809	3:163.08213214810507,43.10975560751129,326.8990905310017,533.882685129634	2:657.147550979628,99.06286279286715,719.0371220053767,425.04163717678045	1:386.4123129781167,157.5972486353907,573.1921988679796,519.0238346745621	
5:381.63421699991517,75.65220794265511,419.951956443464,178.45086249502282	4:1.3204343123409288,357.9070416391271,33.47686879900841,533.7506531010762	3:161.53116737877494,42.7458283637167,325.7159397571079,531.4150628430792	2:656.701470821169,99.95391679931174,719.0597817915412,424.12100166579717	1:383.8283338332868,162.57955413861703,570.7872193270508,517.6139957163284	
5:381.44004977760346,76.04218087253093,419.2353182737562,178.70392229228236	4:1.2998946128969386,363.79524914714716,33.53108683874903,533.7405072916633	3:160.54049767156354,42.678092574597144,325.8629309677764,529.6869025734796	2:656.2551393544519,100.35072367536299,719.1373995378761,424.52266314506863	1:383.5108931211242,165.8881627020686,569.5929237073383,516.5308291448281	
5:380.16769837206186,75.82244271715217,417.8385781442196,179.23440940515255	4:1.931644356054715,346.4688557181272,33.55743736932584,520.8403814150033	3:161.15565207580062,43.99294014202158,326.55686842316356,527.8870992853906	2:655.6508039282447,99.95210727936788,719.222627151912,424.11558523899237	1:383.1383346767691,169.77220522076038,568.6641539766998,515.4940158838643	
5:380.12170748478155,75.7504414819046,418.0670466176551,178.69429517425843	4:1.7752636572773923,360.23969635618437,33.78506878817283,527.881527333595	3:160.626509629868,45.80164281628424,326.1735058064063,526.6158569293128	2:655.2337130833612,100.31404282858912,719.2559854911037,423.0220651780238	1:381.665458645344,172.79506002068314,566.8550253488486,513.3346126123868	
5:380.41156671886,75.42774667602646,419.0328510659702,177.59027649197617	4:1.770794282574908,367.19653285119296,34.3078348907015,528.7548536362289	3:160.81944749405926,47.230160357535965,326.34371772753207,526.0447035142248	2:654.9776253248627,100.68043829577576,719.3707340232671,422.26022606901233	1:381.501372809216,175.15047596812877,566.1404925208103,511.38466754832194	
5:379.3002714035726,75.47833262160569,418.9444277941091,175.71305721108072	4:0.22681486935415052,384.8437343207165,32.05643877143647,540.5340128562394	3:160.63216461813775,48.36409236532725,326.286004339158,525.1600199670643	2:654.2637968740107,101.20647358484894,719.3148506915791,421.1454886380611	1:381.97861348999203,176.36404619230086,565.6098102172264,510.18877897789594	
5:378.50690159954956,75.85313609372011,419.03171640932817,175.19210538322852	4:0.5875030038807125,377.4289596183466,31.71770394241075,533.1036501661804	3:160.59432541903448,49.12736202797609,327.30753987005784,524.4583230240679	2:653.8189043489824,101.48706810813013,719.3858758439069,420.7023499104777	1:382.67243123531637,177.05060470080417,565.6184833786253,509.3571287539833	
5:377.4753648002805,76.25720212020148,418.21684534907575,176.0254141719778	4:1.0102818157923483,373.665192701196,31.78227473545342,530.7473861422168	3:159.84989623002224,49.948822250743206,328.1735527834256,523.2976310883654	2:653.6284831583511,101.52319558805956,719.5339150946328,420.8170246431131	1:383.13703904843936,176.71372380729667,564.780965375116,508.1426535924677	
5:377.22637162410524,76.19056874083208,417.8386593049238,176.5495088380871	4:0.7995636873599992,371.3843569727974,30.756367617391234,530.9087654332523	3:158.15515188407556,51.15680719819761,328.0394746679552,522.9283456377342	2:653.4278111809388,102.0373157310822,719.531204214451,420.6813014863234	1:381.6029674370998,175.55154403351023,562.672387408687,506.742605490792	
5:377.7092261356107,76.3221592304761,418.33734843051366,176.95220637275742	4:1.0032755413500745,370.67556489539385,30.681618673230442,531.0334815871878	3:157.64259111587234,51.69926130835478,328.03133843663966,522.9985710871979	2:653.01336329458,102.78751249392562,719.4892121306945,420.3406982179315	1:381.5538864271798,173.65751738031398,562.0737664228448,505.5706457429118	
5:376.99210008667507,76.36757872030881,417.72305691982984,176.57081711593514	4:1.011070827600097,370.18727941993694,30.58216441192145,532.1956691571988	3:158.12789456261203,51.69267649956112,328.89608068481766,522.3972967124278	2:653.39720121629,102.28631664327156,719.6666176895523,420.4948701544447	1:383.01828120207995,169.63823966756956,562.5388237878482,504.2993440141771	
5:376.77278376441814,76.30435184744883,417.9539196523706,176.30789307178492	4:0.8095250376249119,369.5097042304128,29.996729604781116,532.5293402295754	3:158.74446694702,53.72156846322568,328.53162733282716,521.7336227192701	2:653.6636753707687,102.11007571484149,719.6863824564407,420.7979190758134	1:383.1581404078619,168.34319785691346,561.5990742403293,503.46143503233975	
5:376.94173498743345,75.56042130942677,418.97484608859764,174.42573794987047	4:1.0986986980389535,369.90593691283107,30.073526170773263,533.0854372045354	3:157.95631252232596,55.46589971719479,327.658954178505,520.9131146943301	2:653.6982623123497,102.63213245079288,719.6181884441821,420.8716113200214	1:382.1028653251656,163.46562856054078,559.0092874525808,501.0591009208825	
5:376.9448905674249,74.73058143690142,418.8491546869038,173.33444423555588	4:1.5330704937188386,370.6680339546488,30.738555747645705,532.1593368320146	3:157.74885747840403,56.87929749301583,327.76308828091175,519.6077316021212	2:653.4037782220289,103.387073755697,719.430599556561,419.36491301003343	1:381.1687778436635,156.01349852408472,557.5311341405032,498.4043047989554	
5:377.00889632513326,74.49228725306742,418.8176473519601,172.93506052201812	4:1.6545921879419865,371.14026726378006,31.009927959281036,531.4794761565779	3:157.66257418931974,57.683117910622116,327.9519628994005,518.9202858197646	2:653.227711289419,104.05134273446404,719.3344605847735,418.3472690604783	1:380.96048501886503,152.2810005428884,556.7852044558026,498.1648375036299	
5:376.98421108794804,74.28553355543843,418.8498007357851,172.5733471051692	4:1.9875347394079554,371.51404289559616,31.913192893515152,530.0903691305911	3:156.76350099586256,56.67793541652114,327.8587810286421,520.0495765541422	2:653.0825715943461,104.61191881729005,719.0085016459025,418.2327094597325	1:380.1255252630056,147.409472933559,555.8800872081026,498.48602446477844	
5:376.53861269681795,74.52823689215762,419.26531892412265,172.93324597149348	4:2.415336291822806,372.96927744073116,33.287347391778496,528.0236735047987	3:155.96202037690014,56.2461574244048,327.0713360239274,521.4914483355742	2:652.6683914947923,104.30650616527075,718.6575327839623,418.90686544941696	1:380.0401361793355,141.4724434840113,554.539939786788,498.8707981786835	
5:376.58842203398945,74.76370597812462,419.5634886214091,174.62105495083932	4:2.0947764392513015,374.3181104606057,33.46694930644341,527.7241520633714	3:154.9598557887221,55.11992706382628,326.86175649166495,521.8025260051895	2:652.2389471518416,103.85886544690581,718.4201798983374,419.4615331140502	1:380.19740874999417,135.52971942764316,554.0628649588821,498.4729677457897	
5:375.8778069081911,73.99945742436506,419.60838902385234,174.63968011252783	4:1.6833241767879237,374.5728450219593,32.83248571555147,528.302095431519	3:154.37333110692623,54.564614673893914,327.12900320948603,519.8524669954436	2:652.0739808105516,103.55539212042117,718.5391032850798,420.47087707963	1:379.0831324237403,126.2219534374612,551.6275775800343,495.7254172377828	
5:375.5889950107192,73.59456271542744,419.7718585314764,175.10959373403472	4:1.3109989710555627,373.5346956158137,31.711847866538008,528.8801251300763	3:153.48026836431615,54.57581465131048,327.0258903268937,519.5427605092365	2:652.0678370513384,102.87936907907232,718.5196045383799,421.1271658156838	1:375.9802562549486,111.8200569151295,552.0048086670726,486.5632430823223	
5:375.5734829769263,72.8625208478083,419.67343396538257,174.94918172436948	4:1.6593168772245281,373.597609151787,32.25190420116476,528.0672412930145	3:152.62758791700026,54.826650588349736,327.13225060224175,519.2609573558505	2:652.2468998508297,102.24846970209131,718.5910109964219,421.53936073741176	1:373.4911672496011,103.43864114257673,554.7940783590977,485.5428517926694	
5:375.02397635406373,72.1749114152222,419.0247311373615,175.16857767903574	4:1.6528411397448668,372.9774378313,31.90142212740551,528.938662607112	3:152.14350873452804,54.59314209561833,326.94219555876276,519.6849358990295	2:651.9934679138671,102.57073881387191,718.1555988633456,421.88224579290613	1:371.2818888634216,96.12911906368126,557.7792242123816,488.82806386190725	
5:374.57131564182635,71.57635497503024,418.3212729799063,174.3939065398029	4:1.9119701937221834,373.508197310719,32.18427169640767,528.5979501555278	3:152.34240991074873,54.930887947063866,327.3255920896188,518.2743349249976	2:651.5714663499525,103.13063424468555,717.9580793134528,422.3262760295013	1:370.49373262840953,91.73694494396639,562.1524852178914,490.49042414828114	
5:373.6521851671471,71.69746020575316,417.1746342638737,175.6315027825225	4:2.147817849366289,373.72763497519776,32.89256414484292,527.4990564122257	3:152.24271270976908,54.753209499364914,327.24563822092006,518.3807790282247	2:650.430005429222,103.23494005983005,717.6060851444817,421.9591512771825	1:368.9231194891419,87.33384321220942,563.2189877904984,491.99524339638333	
5:372.9509361286573,71.95016238696712,415.96107198139623,177.30430819367618	4:2.2869047675735352,375.6379251426461,33.27448621634642,526.004320531295	3:152.30844333035793,54.26692820218176,326.36900145184205,518.4025187507982	2:649.4069813940733,103.48870292920472,717.3953264518485,422.27102934030154	1:370.9229177858098,80.43758117914456,568.2331676702634,490.2953605615843	
5:372.29314298101787,71.84237227237483,414.99609692678786,179.0055273661152	4:2.087327836367434,375.98649111105806,33.05021606848376,525.3113279134942	3:151.75841024986568,53.85150892686761,325.8145690136553,517.8329547107337	2:648.9625506470808,103.53238779316607,717.4510524099416,422.85342423473594	1:372.5655255060161,72.08758519249614,571.8039168787338,491.4769065038023	
5:373.04716171333433,70.79628750903298,415.1549121795629,179.4638334700615	4:1.9855257764283571,376.8699107865725,32.596151406319564,524.7395961842334	3:151.49614553828116,52.27201541653943,326.6128829237693,518.6668007257144	2:648.4707018321305,102.83731663973143,717.2385101274613,422.8913236508022	1:373.78477447138243,66.34857659831943,574.825717351758,491.2684532336056	
5:372.82710646089106,69.6882785510895,414.6695663638991,179.84493731478403	4:1.6125824430058788,375.0283703934175,31.812862638330145,524.9185418809001	3:150.60597763044544,50.91802959190798,326.4612681293005,519.4141435313028	2:647.9030773614387,102.79653052673666,717.1082271932747,422.5128613288691	1:372.9984579710276,60.63391207112292,575.3060701801448,488.2225714352311	
5:373.0124789317976,68.22094316535228,414.8107811040009,179.2538363967464	4:1.9889473715956196,373.5601636393382,32.34511930007234,524.6796997171127	3:149.98405072810573,50.053897178385085,326.69814274867565,519.7443858727767	2:647.4149447651771,102.1144419114078,716.9966448621878,422.51310613552255	1:372.79349355377497,56.576878274193035,578.8052262280594,486.45128082252336	
5:372.53066122173726,67.683778285057,415.06374088835383,179.79590257035875	4:3.0140962227799637,360.22277463271615,34.10138804447799,508.1136640206908	3:149.1235422750892,48.69936188174586,327.11510701606903,520.6525008391029	2:646.1254963668441,101.19637932111073,716.7997864933843,421.6816068156912	1:375.6276777812412,49.38628568575936,582.8922577338699,488.0804375049877	
5:372.15665833511434,67.75406677960262,415.3208781463952,179.1193482951326	4:2.915921442358389,354.52833375702033,34.31887143030623,501.7003922718131	3:148.36965241969264,47.23264449634445,326.9125288358914,521.4847433496552	2:645.7358078093887,100.37421811795619,717.298598508276,420.9377314644996	1:382.204148259579,42.10301777432059,588.0054101081536,489.53461571159323	
4:2.3366185014113885,366.70103160210186,33.86903338252079,513.2309079297002	3:148.36679050917775,45.93146554993854,327.33063855910143,518.9549848220663	2:644.9235416726465,100.2762929617389,717.2574644032206,420.54651400889134	1:389.54744153123636,37.88721936381819,590.7862586719442,490.90234635463537	
4:3.10675907750775,358.74496609034975,35.291623516639675,502.0157581741738	3:147.45784454965784,44.43545357968111,326.7776256315706,519.0457210226773	2:644.7474383520354,99.3415346177488,717.5086719087834,419.82766835923667	1:400.1769480840003,33.58007917784917,598.222237760755,489.56517042178564	
4:2.727723392319991,354.91313776791446,34.78291166407628,497.25611694186955	3:147.32123662710526,43.51550374576803,327.1392422135609,517.6384360697298	2:644.4327528159932,98.91889932758724,717.6978068973411,419.4082164498849	1:406.44574220773256,31.565590345094876,600.2203066096035,487.678906693896	
4:2.563942642318601,352.3968862888056,34.48947494329967,495.34388456249906	3:147.8128639034066,42.44758950911685,329.5714060767745,516.7245550915914	2:644.4676536924011,97.61976193032302,717.8846663724695,418.843475731895	1:417.51429993945993,29.859475321204684,603.1499009016469,486.15992856788074	
4:2.2435757908239378,329.9109947709286,33.80955163594635,482.0364548998476	3:147.1584131026333,41.34263492114343,329.8307278265005,515.7565123175282	2:644.7107919143571,96.7385457325432,717.8804455949085,418.31513488593055	1:424.53550839898054,29.134136156614744,602.6037893190866,484.1351458176365	
3:146.0929310491815,41.32504205622459,329.2322331659208,517.0476931889478	2:645.2265669086133,95.17280542304371,717.93406781323,416.84622517079566	1:436.6942759148019,30.492523078052784,604.841606500511,481.8057962617966	
3:146.19567859592917,39.65889617146908,329.7755472534352,518.4631224599356	2:645.4301295996611,95.38488707118066,717.874562666429,416.8760108219175	1:440.9602520298393,30.746821598682118,602.6774858296077,480.4434532721115	
3:145.4915114136855,39.31422992051526,328.6315316364293,519.310464727374	2:645.4799887167011,94.80030147200199,717.6108474973972,416.79373418682326	1:447.18060229059,32.44988802930649,603.0447584563144,480.5797702675343	
5:371.4106518955497,64.70059080235609,415.24585802330034,174.24966126053872	3:145.31541326626103,38.33822173185888,328.2442210483389,520.1411817003924	2:645.3515914205659,95.092858392556,717.2987579647759,416.9083937832795	1:457.6611466605967,38.517009370145956,603.0076485121778,473.14635583088875	
5:371.52789337775715,64.0696671821992,415.6217520181645,174.85885696987592	3:144.36488572382075,37.99228366846103,328.45909831176397,520.7544593002947	2:645.775462179254,95.09388194706037,717.3956795550312,417.5905831405696	1:465.3849825971644,42.728563008399504,602.1804154056568,471.42374689405233	
5:371.57892903571474,63.77880286220953,415.3785111132329,174.8918160186106	3:144.47315774530986,37.15971289000339,327.7453853612443,521.7010888488687	2:646.247727245904,94.71462282868197,717.2953321336898,417.72160260197074	1:478.3655120397776,45.01427988645497,605.1376726108689,472.75230916527033	
4:2.255048957491992,356.01069941487236,32.859425284951364,507.5169356461883	3:144.7319619071829,37.48842158679389,327.83843431715854,521.2318983881439	2:646.6386035643961,93.7735828263848,717.3211904674338,417.44793158701134	1:484.67358112942276,44.59733980865917,605.3330526655816,471.8995720500425	