4:1.5453530354175484,368.5584542544907,34.42193212083245,532.1241629330093	3:161.50427184587627,44.882173064849695,332.24716248029563,529.7877488101503	2:657.6683042329976,92.8335377145844,718.6783754545024,432.3053783010406	1:385.9049533549445,167.98292667008062,584.0288845356805,505.1486651267944	
4:1.9847061299813689,370.20346567282473,35.340017894426644,530.3791248852535	3:164.15774507385345,46.11997065932789,332.6651903010356,529.3759795434463	2:657.6766370065343,92.56394005609192,718.726677648692,432.67805404195724	1:384.2036982649295,165.91253604441837,584.7502570375357,507.6700605062248	
4:1.7799124075188324,372.20964277160556,34.94296973606113,529.1946456041038	3:162.61663311209668,44.2495680861995,331.71148599394223,532.3172212268795	2:657.7434399065994,92.96694805777773,718.7987756509251,433.16683471231727	1:384.38990610718326,165.27848424893492,584.5682809312576,508.28689410083666	
4:1.5355805755947003,372.82619095055776,34.013038124802165,529.1186070667327	3:162.7687556197019,43.10224041794629,331.8527059553315,534.3620229832635	2:658.044420378344,93.75703731175983,718.7684804982226,433.1111323231547	1:386.02613946569784,158.07474522243942,585.3708444106439,508.00655134576937	
4:2.051417172632565,372.74063020317686,35.06345408578197,527.5811945715832	3:163.07438243888248,42.04677159408658,331.79416695313256,535.4734071826877	2:657.869851791468,94.04694896355215,718.8015336621814,433.28487575295753	1:385.40363340370214,153.87829864720666,585.2332575282817,508.5963750998394	
4:0.9113379129800485,321.0667621421683,35.549348896116896,495.65451322278216	3:162.22167661961555,41.18851240325921,331.302841748934,536.8493988965307	2:657.6135266387842,94.62463028333045,718.8603934232697,433.27185508782327	1:385.73705176568353,149.1828140578365,584.5308505897066,507.57378121135014	
4:1.5979547911468686,350.9143773699726,36.321026561743984,518.8889730593692	3:161.55174699659372,41.071005992786155,331.47469717879176,537.0817484407855	2:657.7897451061441,95.58357379667723,718.8911864900564,433.0025755458428	1:387.76334722253284,143.3077007537366,584.1167347934801,506.6048252485532	
4:1.3956163737767042,361.8190423792983,36.39627332357927,527.5547735459968	3:162.29465408267112,41.20637633548006,331.9405387660371,537.1613896471254	2:657.5653104092904,95.42715172573398,718.9416165718479,433.19374887371634	1:387.8317259502169,137.0344672207902,583.709795631872,507.0249459830998	
4:1.5706222629192723,366.7774836311884,36.753113743450385,529.735228645917	3:162.0105197727093,41.614313756450514,332.2036019482317,536.9686860346065	2:657.2590708933093,94.80811655579757,719.0200103145672,434.2085660177971	1:389.1928663503852,127.02829827313263,582.5587976614121,504.8592973742455	
4:1.3991459915696716,369.0017320050174,36.336471693249734,530.1955443566612	3:160.91018145861017,41.66242540382768,331.72898286019307,536.0844076751384	2:657.0563537995723,94.85356741560466,719.1962677119351,434.1103674495463	1:390.7447677110338,119.37741022734093,581.9095802444779,505.6561372044603	
4:1.5439043399934143,370.5956320802433,36.72927511355961,528.9641947603537	3:161.83191237270336,42.48588608259038,332.5312301792345,535.0119758556618	2:656.8745982944097,94.6748418223788,719.1708764457678,434.5922450724331	1:391.5914136053699,111.69251511277872,581.2236506382203,505.69716917249224	
4:1.1936665677974432,371.1014898330927,36.011026204084594,529.5304058286769	3:161.99993457195936,43.090281103191955,333.57858636709966,535.0765931545262	2:656.885049280992,94.90730418177066,719.1993582034395,434.3115075597309	1:392.82062377353856,102.36173324647388,581.687152335136,505.3480760986144	
4:1.4064717550075514,371.68022432953325,35.806891403244386,528.7415223705118	3:163.45992828178004,43.55426322015586,333.4609022288806,535.3540946028829	2:656.6511806297696,94.68393116370493,719.1550020050919,434.44000527907934	1:389.6091630096232,89.58555820586687,585.9344282786132,502.83663543319835	
4:1.2817742050079879,371.61561238248726,35.42522321374996,529.8663690654753	3:164.87783403308572,43.66823360678015,333.45969761472867,535.0330385918764	2:656.2517566823865,95.18922770301941,719.0650120265332,433.9579958438065	1:387.49948621588754,80.70097304435697,588.7831192944977,503.44986041415757	
4:1.318918400212361,371.25778107535723,35.019377134919615,529.7819980415579	3:164.9751968252966,42.71425054808847,333.2351088373316,536.1787031740466	2:655.9543660887315,95.52008722829589,719.1135439799547,432.9819934022893	1:387.35092313796764,76.91590889727024,591.55173333027,504.49425746135705	
4:1.1461848471520852,347.1821392462473,34.13736923535826,518.3583345051068	3:166.41022884630001,43.45620594789605,333.16391317643723,535.6795420210997	2:655.8587755138783,96.14411132194286,719.182637859069,432.898843214287	1:387.58165166407696,73.29100851844584,593.3043008919385,504.47995471600035	
5:385.98801891740635,78.91254121349166,420.31479316468955,195.7155947277857	4:1.470930776377461,359.67324122371025,34.34113439294097,528.003780917279	3:166.98774117743858,44.34679879929152,332.088235790561,535.3736858324758	2:655.6922555760692,96.44250964033404,719.3046433047356,432.77912482296074	1:387.68576058239194,66.15686206763908,593.6152976408578,502.82124813100756	
5:386.14623709823314,79.00087628782552,420.3412166903475,195.8894138903201	4:1.7013148901807646,365.06379138980765,34.630555219249445,530.8995532605793	3:168.51528805879272,44.49781398948241,331.7671009951373,535.4401774334816	2:655.6828622197876,96.40308818625815,719.5136144036632,432.4130398375921	1:387.99109412204723,59.124638893500645,595.4364118688476,503.7203582576591	
5:386.4952447142343,78.15526580114121,421.00095033257327,195.44373162017084	4:1.74632328892136,367.3083930111983,34.689778385460635,532.2499465983714	3:169.40452918345898,42.97645279469842,332.08283954518794,536.3640773187419	2:656.2674320727746,96.52915294352835,719.7967931558895,431.87347750805685	1:389.4138190398392,56.811261180217286,595.9401570026158,499.9302434036911	
5:386.3645214878527,78.3642219188718,421.68448740973395,196.77938442646234	4:1.9911900431827334,368.6793010280216,35.27060713772355,532.2848064369753	3:169.97963155330584,43.257345701173165,332.7089174766471,536.2460450742055	2:656.4426049727635,96.68172965332732,719.8595915758751,430.9251250827175	1:390.28004913342113,53.90782624941943,596.2245006737182,502.911187515972	
5:386.36304069749605,78.36087961287453,421.30465470726523,196.6878889965931	4:2.104747288048671,369.11121720924507,36.07016795780551,530.8698108931397	3:169.50842111383452,41.51632039192802,332.312700395587,536.9112183048064	2:656.4661225025527,97.76777962754895,719.8182064674559,429.88147204659913	1:399.4191700730148,50.808769970509616,602.141007925277,497.48676886961505	
5:385.210846625079,78.40298387558623,421.0537755960377,197.30427556978458	4:1.8748875073433418,369.425031642499,36.173128246159635,530.0542517854668	3:170.5253242239059,41.912449153288065,332.0323156979573,537.8709062205371	2:656.668593019448,98.50024899695583,719.7387742520348,429.41889235735107	1:408.533007238385,52.69264331590051,603.303935792243,495.182119811261	
5:385.35390699938677,77.59426646881207,420.8077566373351,196.62886764173584	4:1.6740754170500587,369.5432698944104,35.917649951850365,530.6144234166196	3:171.18118529734573,40.79947668494373,331.8015113343526,537.9501806222979	2:656.8072712321165,98.53754403281044,719.7543967950086,429.5037532427246	1:423.1691613283767,54.36935192675651,607.1027840266509,490.31240189342657	
5:384.50590873505934,77.468364557895,420.32404446564186,196.8392741410469	4:1.5139436245982338,370.254606922945,35.727900434297744,530.7931172085993	3:170.2822319130293,40.929416882388495,331.1478293058315,538.4729076184619	2:656.869252891973,98.57293096333188,719.7138457842443,429.2194512076008	1:433.19758899415535,57.44560763608442,607.3891523290046,486.04942456217555	
5:383.5782896552751,77.60407161177008,419.94544563917344,197.33241282623484	4:1.8084163786185563,370.9435933511148,36.45662943334962,529.6074388842045	3:169.06727360232009,40.17008059623092,330.6690094941596,537.8732543090182	2:657.2120470435342,99.66473703779448,719.5648205937495,428.5143555761679	1:439.0302953262633,62.88772586342921,605.8321234653924,487.8754274370207	
5:382.2289368657859,78.15052951379133,419.1879380334652,197.53965440908954	4:1.7575277647040544,371.19003814306484,36.63159259848662,529.0632680156245	3:168.04672046355026,39.41092469998625,330.56430877457717,537.7680964680325	2:657.4214316826839,100.54166547546288,719.3950012002748,427.7237979054711	1:447.8268562681761,65.07677334682478,606.9232480733875,484.61731647902764	
5:381.5122998052408,78.72549899877316,418.7596066855948,196.80429561368794	4:1.5961353320781164,371.5856791842548,36.25558086414448,529.2321166205547	3:167.1856270874045,39.38053431538441,329.456598428627,538.485173784371	2:657.7973467849819,101.20269666815102,719.2169607861357,427.22618698998645	1:463.1073814936014,62.74740388752704,610.5340376542348,470.69324140336175	
5:381.8388173798529,78.70396687212641,418.9031132093046,195.87239595850403	4:1.5835208501166989,372.21116611572245,36.43025367120964,528.8109006075599	3:166.78190963603427,38.59918391296617,329.3671147322327,538.7120779342106	2:658.4599829366882,101.487167760002,719.1362779969452,427.30840235801725	1:472.16864852270527,62.1204434046617,611.0453903513601,464.40240241277957	
5:381.7135509659394,79.29131877047885,418.7381951374054,195.34962448577502	4:1.5184802927753331,372.0090608733271,36.37609380308888,528.3872808369586	3:166.2110073127087,37.255058685078325,329.5882039038412,538.707641068236	2:658.9651263505709,101.15190762954202,718.9467719131151,428.00521985060095	1:482.8550477437484,62.6842596439634,613.1552525130976,461.2266562625989	
5:382.1726600383334,79.15764389659537,418.95750650414624,195.2511533829826	4:1.5899567680885092,372.062288209688,36.69486228460909,528.0710072040542	3:165.8441913753958,37.58092666989418,330.14574407159216,539.3900780768726	2:659.2867233152689,100.80091479864527,718.8017106876088,428.45535226502454	1:488.9059484727039,61.60425401790434,612.4326499857408,461.65874344594846	
5:382.3340893083156,79.09635862593143,418.93317974374656,195.227256915138	4:1.601092822513877,372.178856126235,36.92460329722553,527.7842789735045	3:165.65822777070738,37.61358619064501,330.56073991352946,539.6859725318685	2:659.4762603601723,100.51930584442707,718.6561926895629,428.76599280925745	1:492.20465621347773,60.997808342764756,610.8032046217314,462.16461081507146	
5:382.4452302157688,80.06428393157316,419.6272729625946,194.7527574713644	4:1.3162379401154496,371.4245891410462,36.24122301418142,528.722963924104	3:165.1057529852754,36.814555833325784,330.6481246350322,539.5630397079981	2:659.5788413963213,99.52936786377757,718.4841681458419,429.5494647590526	1:495.4716099424277,59.335182212857774,608.9868301760555,463.24322506070365	
5:382.3626043215131,81.27260085771422,420.0577796480924,194.76408620633356	4:1.0695558755375068,370.5637294744576,35.46280680925538,529.4209090022566	3:165.11116828548086,35.01242587976344,330.9967771821524,539.070489734816	2:659.5995923689193,98.50752633064891,718.4222179704348,430.2416957594752	1:502.2570932134802,66.0170258267369,610.3108496640723,478.0631691743115	
4:1.2302433508444075,370.0533065210614,35.485706469358774,530.4672590265805	3:164.97653654920063,34.64529240652513,331.5967463301888,539.3760918066278	2:660.0042652452394,98.34192779323533,718.2936745815964,430.43905220145734	1:506.1014511497378,72.12689928641288,610.1576580056601,485.58835608897954	
4:1.4695320576197233,369.95613366196955,35.55748917290484,529.9250784254169	3:164.39166883906182,33.916055389205724,331.27162811441616,539.3901024975644	2:660.0986717763302,97.40558770877695,718.2138215253407,431.25156933961193	1:509.2405134534426,73.17940431628443,610.5252079658364,486.12579000864974	
4:0.7278890094759589,326.149733390984,34.765278749665285,499.6263336345378	3:165.0931159334533,34.44868395929444,331.96525831682834,539.8775602379485	2:660.1847255141004,96.90798117069485,718.1529674657613,432.03959518821864	1:510.83367170467346,72.87971636263532,609.7810891374409,482.8161364857914	
4:0.7222576295068137,326.7128711745454,33.78387905275993,509.41105145775714	3:164.61026066616367,34.67121723979517,331.863071617335,540.0949975178786	2:660.206388138981,96.5962874129753,718.0858795893299,432.8730056503361	1:511.79336149823354,72.27908041402503,609.0149991129252,479.54320370618285	
4:1.0111540598074598,306.9663564785428,34.747544365479186,495.20821023116264	3:165.10829789129002,35.40072110675365,331.80437965549135,540.3602896678264	2:660.253519390348,95.9592170523288,717.918366739339,433.6249226843677	1:513.2154041893465,73.21283636621263,609.2807687354058,482.7311028253122	
4:0.9269876550510077,298.0990435871462,34.87746320914067,490.915100606652	3:165.11066034574105,36.262223572027835,331.87833507461215,540.3819570103526	2:660.2358636953944,95.98775075071399,717.7838667188659,433.5387997470135	1:513.5021330918356,73.26207639227405,608.7451938669291,484.0409034516716	
4:1.4124449555126048,315.8735162720895,34.95236822385746,508.2601117870914	3:165.27518711866543,36.461754341631405,331.9128828736253,540.3566895884069	2:660.3109615740437,95.74465539049362,717.7419112098017,433.6727186464894	1:514.4704877436948,74.4415431098252,608.5866450001572,487.4771045318666	
4:1.015130243856735,319.82964082710436,33.64946774867704,516.2759379688636	3:164.99142449658368,36.0015870233249,332.15292471859664,540.1279862747132	2:660.6686965825246,95.16369995739686,717.7070099218864,433.7182740695854	1:514.78876250942,74.0429172343452,607.829891691112,490.80540887444715	
4:0.8183167334877837,301.0784198812825,33.28170039538701,501.2308132281127	3:164.8187582623429,35.60207924218693,332.65285374056924,540.0277589419388	2:660.8707810764606,94.59803129267132,717.5709512256942,434.11644893804123	1:514.3168647810305,73.62429989991236,608.1084481528587,492.96936742901653	
4:0.7453106673440786,293.249449203004,33.103055454188635,496.6109754754683	3:165.06732551455127,35.55777333722526,332.83856678970943,540.0585170504874	2:660.8111402323754,94.29088783430518,717.4567121073245,434.2897234029647	1:514.0331516632143,74.0246928206904,608.4961483454533,493.31465224788946	
4:1.5650152557637398,335.6896859262789,35.06651861297472,523.454057454646	3:165.06497811110006,36.04418851412558,332.40017973137776,540.2608957941995	2:660.9732468186214,93.70699250087625,717.5239496299694,434.5992461114996	1:514.6033848679104,74.2822804579655,609.9935801743669,494.1870103053617	
4:1.2149546940217029,310.05588001827914,35.15663959738718,502.58825048539086	3:166.02879351152035,36.767136236924586,331.919887925542,540.3422180817703	2:661.0447857651623,93.60584058925693,717.5175834613653,435.0795075415425	1:514.8620689332791,74.23501623181355,610.9065243932595,493.7924543900808	
4:1.8396756512419685,344.2493566646007,36.79863614646475,523.8932384232248	3:166.58709674302372,36.99830361244267,331.626232442402,540.274534341433	2:661.4007445044166,93.15004824629548,717.4677132273151,436.13521767991847	1:514.8916714876021,74.46504246893124,611.4195188434875,495.0874663695627	
4:1.92438542426245,359.39325003174537,37.56053374988349,530.3377182755967	3:166.54027221498717,36.68219073655371,330.55677834234547,539.9820170518627	2:661.6027087394848,92.71150434337241,717.350595051849,436.8866493535304	1:514.9487410113261,74.40863501039541,611.6621483836291,495.2063233428353	
4:1.4028975308634593,365.35573268282343,36.39417216541868,532.6518759626654	3:166.81612783001503,36.20689837209372,330.43004185979953,539.7602355099923	2:661.6258136008163,92.89385551963292,717.1271623872266,437.0956822418881	1:515.0294872402407,72.74144412093716,611.5398042725413,493.5896288735626	
4:1.4121733123003999,368.48240702420475,36.268936398738205,532.5019334988901	3:167.362301961801,36.524092390344435,330.46264926488954,539.9256685795822	2:661.5625128051395,92.86758009671289,717.1326193117889,437.1787418133649	1:514.4867916226477,71.72505499699318,611.3997858227123,494.9228622904095	
4:1.4879679298997956,371.13312292959847,36.380109040825076,530.9912062265378	3:167.60908910194797,37.00679534053552,330.72099226549625,540.0087591309922	2:666.0387829613476,94.76267754258777,719.7819714843765,433.52939755022703	1:513.8819568106661,71.31080607863132,610.7180908751903,493.93266077533394	
4:1.4219613813066054,372.10878161214634,36.16982370970548,530.5519039401124	3:167.64134135995158,37.880291807986225,331.1221278733183,539.2776576972035	2:668.075428086276,96.60684918915163,720.4065270236496,431.0397681751224	1:513.8216551000237,70.0985082337699,610.2645666192814,492.29542382994094	
4:1.325897092152971,372.10899420967394,35.82353743219713,530.311597519294	3:166.4392982866777,37.49920760994965,330.4291297132082,538.6065817999967	2:669.1797476380239,97.7595988830426,720.4016186216622,429.7987208525117	1:513.7880007110458,70.71309758861821,610.2045358785805,492.4031281332502	
4:1.74439957044493,373.36401487885087,36.81953041521329,528.9662994332731	3:166.7188504440245,37.88969043520606,330.49914880167194,538.0887432577713	2:669.8201318085742,98.6920945578338,720.2516857785172,428.72603220310805	1:513.923184439326,70.5946055130456,609.2773402787698,491.59711855023295	
4:0.8253827699840741,329.86962320157147,35.722086281216825,497.86013136859924	3:168.2259607934291,38.090373189828455,330.66143386104284,537.5388811859892	2:670.1685295057393,107.9164037275892,720.1276206869602,435.1504146123609	1:514.6309153263445,70.09197920302731,609.458334027389,492.3787547780572	
4:0.5076268360112586,311.01034593837886,35.417912843169276,488.6468362696526	3:168.26688982561035,37.712104251876355,330.17195828043026,538.0296786586871	2:670.3566223715478,111.69707484446806,720.005953405347,437.2017288343918	1:515.1783682392874,71.16224279080788,609.6218396433763,494.6444651205817	
4:0.21739747292018663,300.5039527762885,34.39145014127698,488.21782449188294	3:168.94619671352189,37.67324803197144,330.6972881502774,538.4173435174224	2:670.427237999955,113.27269146812966,719.9624456777119,437.9432239219458	1:515.7692626675749,71.29675876377203,609.8213375348897,496.68517807369415	
4:0.5385148503764476,295.4738506227854,34.64242404478341,489.0651096659777	3:168.04150274300662,37.52899448944976,330.53660019204096,538.9564753636528	2:670.5153808259957,113.71790022008835,719.84291999759,438.4807583596771	1:515.8346638886032,71.24396426846053,609.5261363269581,495.12489168060074	
4:0.6443609031645607,292.99743138823015,34.92870941136103,490.50133462902244	3:167.51280592059007,37.10694358020825,330.397897777135,539.179841131023	2:670.497849070646,114.1158034057826,719.8122708087371,438.17633221799804	1:515.6828336263123,71.64463144392445,609.4941493260036,493.8425446704339	
4:0.6540653913542656,291.4087014710574,34.97609380530883,491.55846138335164	3:167.72772289197894,37.083726427664516,330.7388890182461,539.4473615991513	2:670.4668270092475,106.17502702741169,719.5761493275941,430.7109273173013	1:515.8703047716682,72.2418380097076,609.5743165765172,490.6973220579089	
4:0.5701736214833701,290.73772229880296,34.77717199076874,492.92013428692167	3:166.89618058366176,36.809560718112806,330.13841206267756,539.541525672354	2:670.5229997452509,111.5957017775498,719.6209120253002,434.9836358227243	1:515.7200659786066,73.39101717390682,609.3705258735632,488.95513054319986	
4:1.030402253196634,332.66715770409303,35.29718365426384,524.6648090546805	3:167.23782022410174,38.83945451350107,331.3207326702451,539.6438595337144	2:670.4266346039981,114.61531211497842,719.6193230862634,435.8288322798179	1:515.6741124164334,73.05150455626281,608.8861232766324,491.7679289253317	
